KIDEN	juge	rang	Produit	O pom crue	O pom cuite	S sucre	S acide	S amer	S pom crue	S pom verte 1	S pom verte 2	S pom cuite	S vanille	S ss bois	S astringent	T lisse	T fluide	T nappant	A clarte	A jaune	A vert	A brun	A brillant	A phase aqueuse	A granuleux	A fluide	Note hedonique 1	Note hedonique 2
113	juge1	rang 1	Andros	4,00	4,00	3,00	7,00	0,00	7,00	7,00	8,00	2,00	0,00	0,00	4,00	5,00	5,00	5,00	8,00	6,00	4,00	3,00	5,00	6,00	7,00	4,00	4,00	5,00
122	juge1	rang 2	Scoup	6,00	1,00	7,00	3,00	3,00	6,00	5,00	3,00	2,00	1,00	0,00	2,00	4,00	3,00	6,00	8,00	7,00	3,00	6,00	4,00	5,00	7,00	6,00	4,00	8,00
136	juge1	rang 3	St Mamet	1,00	1,00	4,00	8,00	0,00	6,00	6,00	8,00	0,00	0,00	0,00	1,00	7,00	7,00	6,00	6,00	6,00	1,00	7,00	6,00	5,00	7,00	3,00	1,00	0,00
145	juge1	rang 4	Délisse	6,00	2,00	8,00	5,00	1,00	7,00	6,00	6,00	2,00	3,00	2,00	1,00	7,00	8,00	8,00	6,00	7,00	2,00	5,00	4,00	6,00	3,00	8,00	5,00	6,00
151	juge1	rang 5	Poti	5,00	5,00	8,00	2,00	1,00	3,00	3,00	1,00	5,00	4,00	0,00	0,00	4,00	2,00	9,00	7,00	9,00	1,00	1,00	6,00	1,00	2,00	0,00	2,00	1,00
164	juge1	rang 6	Carrefour	4,00	4,00	7,00	2,00	1,00	5,00	5,00	1,00	5,00	5,00	2,00	1,00	4,00	6,00	6,00	8,00	8,00	1,00	2,00	4,00	4,00	6,00	7,00	7,00	7,00
212	juge2	rang 1	Scoup	8,00	5,00	5,00	1,00	1,00	7,00	5,00	5,00	4,00	5,00	6,00	2,00	5,00	3,00	7,00	4,00	5,00	8,00	2,00	4,00	1,00	6,00	2,00	6,00	3,00
225	juge2	rang 2	Délisse	3,00	2,00	4,00	6,00	4,00	6,00	8,00	1,00	3,00	5,00	5,00	4,00	8,00	7,00	5,00	5,00	6,00	8,00	1,00	5,00	1,00	3,00	6,00	3,00	7,00
233	juge2	rang 3	Andros	8,00	4,00	3,00	5,00	6,00	3,00	6,00	3,00	3,00	2,00	3,00	4,00	3,00	7,00	3,00	6,00	7,00	8,00	2,00	5,00	1,00	5,00	2,00	5,00	5,00
244	juge2	rang 4	Carrefour	6,00	3,00	8,00	2,00	2,00	7,00	6,00	7,00	3,00	2,00	7,00	6,00	7,00	7,00	3,00	4,00	8,00	4,00	4,00	3,00	2,00	6,00	1,00	3,00	1,00
256	juge2	rang 5	St Mamet	3,00	4,00	5,00	7,00	2,00	6,00	3,00	1,00	6,00	4,00	1,00	4,00	6,00	8,00	2,00	7,00	5,00	4,00	7,00	7,00	2,00	4,00	3,00	7,00	5,00
261	juge2	rang 6	Poti	6,00	6,00	3,00	3,00	8,00	4,00	2,00	1,00	7,00	2,00	2,00	6,00	7,00	5,00	7,00	2,00	7,00	4,00	7,00	2,00	0,00	1,00	1,00	0,00	1,00
316	juge3	rang 1	St Mamet	2,00	7,00	5,00	0,00	0,00	2,00	0,00	0,00	7,00	6,00	0,00	0,00	9,00	7,00	7,00	6,00	4,00	7,00	6,00	9,00	1,00	8,00	3,00	7,00	7,00
323	juge3	rang 2	Andros	6,00	8,00	2,00	0,00	0,00	7,00	0,00	5,00	4,00	3,00	0,00	0,00	9,00	5,00	8,00	1,00	8,00	8,00	1,00	6,00	0,00	8,00	0,00	9,00	2,00
331	juge3	rang 3	Poti	3,00	7,00	2,00	0,00	0,00	2,00	0,00	0,00	6,00	2,00	0,00	0,00	9,00	5,00	8,00	1,00	9,00	8,00	1,00	5,00	0,00	2,00	1,00	8,00	8,00
342	juge3	rang 4	Scoup	0,00	0,00	2,00	3,00	5,00	0,00	3,00	3,00	1,00	1,00	8,00	4,00	8,00	5,00	8,00	5,00	7,00	9,00	7,00	4,00	1,00	1,00	1,00	0,00	2,00
354	juge3	rang 5	Carrefour	2,00	7,00	7,00	1,00	2,00	3,00	1,00	10,00	2,00	7,00	2,00	0,00	9,00	6,00	8,00	1,00	9,00	8,00	2,00	7,00	3,00	7,00	3,00	0,00	5,00
365	juge3	rang 6	Délisse	3,00	6,00	5,00	0,00	2,00	5,00	0,00	2,00	3,00	8,00	0,00	1,00	9,00	8,00	6,00	3,00	7,00	9,00	7,00	4,00	2,00	7,00	7,00	0,00	7,00
411	juge4	rang 1	Poti	0,00	4,00	7,00	0,00	0,00	2,00	0,00	0,00	7,00	1,00	0,00	0,00	10,00	5,00	8,00	1,00	8,00	3,00	6,00	6,00	0,00	2,00	1,00	3,00	1,00
426	juge4	rang 2	St Mamet	0,00	9,00	3,00	2,00	6,00	0,00	0,00	0,00	7,00	2,00	1,00	2,00	4,00	8,00	5,00	7,00	7,00	0,00	10,00	7,00	0,00	1,00	9,00	7,00	6,00
434	juge4	rang 3	Carrefour	0,00	10,00	6,00	0,00	3,00	1,00	0,00	0,00	8,00	1,00	4,00	0,00	0,00	6,00	8,00	3,00	7,00	3,00	9,00	6,00	0,00	9,00	9,00	7,00	2,00
443	juge4	rang 4	Andros	0,00	8,00	6,00	1,00	3,00	0,00	1,00	0,00	7,00	1,00	4,00	0,00	0,00	7,00	10,00	3,00	8,00	3,00	8,00	6,00	0,00	2,00	2,00	2,00	1,00
455	juge4	rang 5	Délisse	2,00	7,00	4,00	1,00	2,00	2,00	0,00	0,00	5,00	0,00	1,00	1,00	2,00	5,00	9,00	4,00	6,00	8,00	8,00	4,00	0,00	4,00	9,00	2,00	5,00
462	juge4	rang 6	Scoup	0,00	0,00	0,00	3,00	1,00	0,00	0,00	0,00	0,00	0,00	8,00	0,00	0,00	6,00	8,00	6,00	8,00	2,00	8,00	4,00	0,00	3,00	9,00	0,00	0,00
515	juge5	rang 1	Délisse	9,00	3,00	9,00	7,00	2,00	9,00	9,00	10,00	1,00	1,00	0,00	0,00	8,00	9,00	7,00	5,00	7,00	8,00	1,00	10,00	0,00	1,00	7,00	9,00	8,00
524	juge5	rang 2	Carrefour	6,00	2,00	9,00	4,00	2,00	7,00	5,00	6,00	0,00	0,00	0,00	0,00	3,00	6,00	2,00	3,00	8,00	7,00	5,00	7,00	5,00	9,00	8,00	2,00	1,00
532	juge5	rang 3	Scoup	9,00	3,00	6,00	4,00	5,00	3,00	4,00	4,00	5,00	1,00	7,00	3,00	3,00	5,00	7,00	8,00	4,00	7,00	9,00	6,00	7,00	9,00	7,00	1,00	0,00
541	juge5	rang 4	Poti	3,00	6,00	5,00	1,00	0,00	4,00	1,00	1,00	7,00	2,00	0,00	0,00	10,00	8,00	9,00	1,00	9,00	8,00	4,00	6,00	1,00	0,00	2,00	1,00	2,00
553	juge5	rang 5	Andros	6,00	9,00	2,00	4,00	7,00	4,00	3,00	1,00	7,00	0,00	8,00	4,00	0,00	3,00	7,00	3,00	9,00	5,00	8,00	7,00	1,00	5,00	2,00	0,00	8,00
566	juge5	rang 6	St Mamet	2,00	10,00	8,00	7,00	2,00	2,00	3,00	2,00	9,00	5,00	1,00	0,00	6,00	8,00	7,00	9,00	3,00	6,00	10,00	8,00	2,00	7,00	9,00	3,00	1,00
614	juge6	rang 1	Carrefour	6,00	2,00	7,00	4,00	0,00	3,00	4,00	0,00	2,00	1,00	0,00	0,00	8,00	1,00	7,00	2,00	6,00	4,00	0,00	7,00	0,00	3,00	2,00	3,00	3,00
621	juge6	rang 2	Poti	0,00	2,00	9,00	5,00	0,00	1,00	2,00	4,00	2,00	0,00	0,00	3,00	10,00	0,00	9,00	2,00	6,00	8,00	1,00	7,00	0,00	1,00	1,00	6,00	6,00
635	juge6	rang 3	Délisse	7,00	3,00	5,00	7,00	0,00	6,00	8,00	3,00	2,00	1,00	1,00	1,00	9,00	7,00	3,00	7,00	1,00	5,00	8,00	9,00	4,00	1,00	10,00	4,00	5,00
646	juge6	rang 4	St Mamet	1,00	3,00	7,00	4,00	0,00	1,00	4,00	0,00	2,00	5,00	0,00	5,00	8,00	6,00	2,00	7,00	1,00	8,00	8,00	9,00	4,00	5,00	9,00	1,00	8,00
652	juge6	rang 5	Scoup	1,00	2,00	4,00	1,00	0,00	1,00	0,00	4,00	0,00	0,00	6,00	1,00	2,00	6,00	1,00	4,00	5,00	7,00	2,00	8,00	1,00	5,00	3,00	0,00	0,00
663	juge6	rang 6	Andros	1,00	2,00	9,00	1,00	4,00	2,00	0,00	3,00	1,00	0,00	2,00	3,00	6,00	7,00	8,00	1,00	5,00	9,00	0,00	9,00	4,00	6,00	1,00	1,00	6,00
811	juge8	rang 1	Poti	8,00	5,00	8,00	5,00	1,00	8,00	1,00	0,00	7,00	2,00	0,00	0,00	8,00	8,00	9,00	0,00	10,00	4,00	0,00	8,00	0,00	0,00	2,00	7,00	4,00
825	juge8	rang 2	Délisse	3,00	8,00	5,00	9,00	2,00	9,00	9,00	2,00	2,00	2,00	3,00	6,00	7,00	10,00	6,00	6,00	7,00	8,00	7,00	2,00	2,00	2,00	10,00	9,00	8,00
832	juge8	rang 3	Scoup	8,00	3,00	8,00	6,00	10,00	9,00	9,00	3,80	7,00	5,00	7,00	9,00	2,00	2,00	7,00	2,00	6,00	4,00	9,00	2,00	5,00	9,00	6,00	2,00	1,00
844	juge8	rang 4	Carrefour	5,00	9,00	4,00	6,00	2,00	6,00	0,00	0,00	9,00	1,00	1,00	1,00	4,00	6,00	1,00	5,00	9,00	5,00	3,00	1,00	1,00	1,00	6,00	9,00	10,00
856	juge8	rang 5	St Mamet	1,00	2,00	2,00	7,00	2,00	8,00	9,00	2,00	9,00	2,00	0,00	5,00	7,00	7,00	8,00	9,00	1,00	3,00	9,00	7,00	4,00	2,00	7,00	7,00	4,00
863	juge8	rang 6	Andros	3,00	8,00	9,00	5,00	8,00	7,00	1,00	0,00	6,00	4,00	0,00	0,00	1,00	1,00	1,00	2,00	8,00	8,00	4,00	6,00	1,00	8,00	1,00	8,00	5,00
1015	juge10	rang 1	Délisse	6,00	8,00	4,00	2,00	2,00	3,00	6,00	5,00	6,00	1,00	1,00	1,00	7,00	7,00	9,00	6,00	8,00	6,00	3,00	7,00	1,00	2,00	2,00	6,00	6,00
1024	juge10	rang 2	Carrefour	3,00	6,00	9,00	5,00	2,00	6,00	5,00	8,00	6,00	1,00	1,00	2,00	4,00	6,00	5,00	7,00	8,00	4,00	3,00	6,00	1,00	7,00	1,00	7,00	8,00
1031	juge10	rang 3	Poti	6,00	6,00	3,00	2,00	2,00	4,00	3,00	3,00	3,00	1,00	1,00	1,00	10,00	2,00	7,00	6,00	7,00	1,00	4,00	8,00	1,00	2,00	0,00	2,00	4,00
1043	juge10	rang 4	Andros	5,00	7,00	6,00	6,00	2,00	3,00	3,00	4,00	9,00	1,00	5,00	4,00	4,00	6,00	3,00	8,00	5,00	8,00	2,00	7,00	8,00	7,00	8,00	6,00	6,00
1052	juge10	rang 5	Scoup	3,00	8,00	9,00	1,00	3,00	3,00	3,00	10,00	6,00	6,00	5,00	3,00	2,00	9,00	6,00	2,00	4,00	5,00	7,00	6,00	9,00	9,00	10,00	8,00	9,00
1066	juge10	rang 6	St Mamet	4,00	7,00	9,00	7,00	3,00	4,00	4,00	3,00	7,00	1,00	4,00	3,00	7,00	4,00	8,00	2,00	3,00	7,00	5,00	4,00	1,00	2,00	6,00	3,00	3,00
1113	juge11	rang 1	Andros	3,00	8,00	10,00	0,00	0,00	0,00	0,00	0,00	8,00	2,00	0,00	1,00	8,00	3,00	2,00	1,00	10,00	10,00	0,00	6,00	0,00	1,00	4,00	8,00	9,00
1126	juge11	rang 2	St Mamet	0,00	9,00	6,00	6,00	0,00	0,00	2,00	0,00	8,00	0,00	3,00	6,00	10,00	5,00	2,00	3,00	9,00	7,00	7,00	8,00	3,00	0,00	10,00	0,00	0,00
1134	juge11	rang 3	Carrefour	4,00	9,00	10,00	0,00	0,00	0,00	0,00	0,00	10,00	7,00	0,00	0,00	4,00	5,00	1,00	2,00	10,00	3,00	0,00	8,00	3,00	1,00	6,00	0,00	8,00
1142	juge11	rang 4	Scoup	0,00	7,00	5,00	3,00	0,00	7,00	3,00	0,00	6,00	0,00	0,00	0,00	3,00	4,00	1,00	4,00	10,00	2,00	4,00	7,00	3,00	1,00	6,00	0,00	5,00
1155	juge11	rang 5	Délisse	0,00	8,00	10,00	0,00	0,00	0,00	0,00	0,00	8,00	0,00	3,00	2,00	7,00	6,00	1,00	4,00	10,00	0,00	4,00	7,00	2,00	0,00	9,00	0,00	7,00
1161	juge11	rang 6	Poti	0,00	7,00	6,00	2,00	0,00	0,00	0,00	0,00	6,00	0,00	0,00	0,00	9,00	1,00	7,00	1,00	10,00	8,00	0,00	8,00	1,00	0,00	1,00	3,00	7,00
1313	juge13	rang 1	Andros	5,00	0,00	6,00	1,00	0,00	6,00	0,00	0,00	1,00	0,00	1,00	0,00	1,00	0,00	9,00	0,00	6,00	5,00	0,00	10,00	0,00	7,00	0,00	6,00	7,00
1321	juge13	rang 2	Poti	9,00	0,00	4,00	0,00	1,00	0,00	0,00	0,00	5,00	0,00	6,00	0,00	10,00	1,00	10,00	6,00	3,00	7,00	5,00	8,00	0,00	2,00	4,00	0,00	0,00
1336	juge13	rang 3	St Mamet	2,00	8,00	2,00	7,00	0,00	7,00	10,00	0,00	2,00	0,00	0,00	2,00	0,00	6,00	1,00	7,00	0,00	4,00	10,00	10,00	2,00	8,00	9,00	8,00	9,00
1344	juge13	rang 4	Carrefour	7,00	2,00	9,00	0,00	0,00	0,00	0,00	6,00	8,00	0,00	0,00	0,00	0,00	8,00	1,00	1,00	3,00	6,00	0,00	6,00	6,00	8,00	9,00	2,00	7,00
1352	juge13	rang 5	Scoup	0,00	8,00	2,00	0,00	0,00	0,00	0,00	0,00	4,00	0,00	9,00	0,00	0,00	7,00	2,00	5,00	1,00	8,00	6,00	7,00	3,00	7,00	10,00	0,00	0,00
1365	juge13	rang 6	Délisse	2,00	7,00	5,00	4,00	0,00	4,00	7,00	0,00	0,00	0,00	10,00	0,00	7,00	6,00	9,00	2,00	4,00	8,00	0,00	4,00	5,00	7,00	9,00	6,00	8,00
1516	juge15	rang 1	St Mamet	3,00	6,00	9,00	6,00	1,00	7,00	7,00	0,00	2,00	6,00	0,00	0,00	2,00	2,00	3,00	3,00	1,00	8,00	6,00	5,00	1,00	1,00	2,00	5,00	10,00
1523	juge15	rang 2	Andros	1,00	1,00	7,00	3,00	1,00	9,00	7,00	0,00	2,00	2,00	2,00	1,00	3,00	1,00	7,00	1,00	1,00	8,00	2,00	3,00	0,00	2,00	0,00	3,00	4,00
1532	juge15	rang 3	Scoup	8,00	0,00	7,00	5,00	1,00	5,00	6,00	7,00	2,00	6,00	1,00	0,00	3,00	6,00	1,00	6,00	0,00	7,00	6,00	7,00	1,00	7,00	1,00	1,00	1,00
1541	juge15	rang 4	Poti	6,00	0,00	6,00	1,00	1,00	3,00	4,00	0,00	0,00	6,00	0,00	0,00	7,00	1,00	6,00	1,00	7,00	9,00	1,00	5,00	1,00	1,00	1,00	0,00	1,00
1555	juge15	rang 5	Délisse	2,00	2,00	5,00	2,00	1,00	3,00	5,00	1,00	7,00	1,00	0,00	2,00	8,00	5,00	1,00	7,00	1,00	7,00	6,00	7,00	3,00	1,00	7,00	1,00	2,00
1564	juge15	rang 6	Carrefour	9,00	1,00	8,00	6,00	0,00	7,00	6,00	0,00	2,00	4,00	0,00	0,00	1,00	4,00	3,00	2,00	2,00	8,00	2,00	6,00	1,00	6,00	3,00	6,00	4,00
1614	juge16	rang 1	Carrefour	7,00	4,00	8,00	3,00	1,00	7,00	2,00	6,00	3,00	7,00	2,00	1,00	6,00	6,00	6,00	3,00	8,00	5,00	1,00	7,00	0,00	5,00	3,00	6,00	5,00
1625	juge16	rang 2	Délisse	1,00	5,00	6,00	5,00	0,00	5,00	7,00	2,00	0,00	3,00	0,00	5,00	6,00	7,00	8,00	5,00	7,00	6,00	6,00	8,00	0,00	3,00	5,00	2,00	6,00
1631	juge16	rang 3	Poti	5,00	1,00	6,00	2,00	0,00	4,00	0,00	1,00	6,00	6,00	2,00	1,00	8,00	4,00	9,00	3,00	8,00	6,00	4,00	3,00	0,00	2,00	1,00	1,00	1,00
1642	juge16	rang 4	Scoup	5,00	1,00	7,00	4,00	2,00	6,00	1,00	1,00	3,00	5,00	2,00	5,00	4,00	4,00	8,00	5,00	7,00	4,00	5,00	6,00	3,00	3,00	4,00	3,00	1,00
1653	juge16	rang 5	Andros	4,00	3,00	8,00	4,00	0,00	2,00	6,00	1,00	1,00	6,00	1,00	4,00	3,00	2,00	9,00	3,00	8,00	7,00	1,00	5,00	1,00	5,00	4,00	1,00	7,00
1666	juge16	rang 6	St Mamet	5,00	4,00	7,00	7,00	0,00	3,00	7,00	2,00	0,00	6,00	1,00	6,00	4,00	6,00	5,00	6,00	6,00	2,00	7,00	6,00	2,00	3,00	5,00	0,00	2,00
1712	juge17	rang 1	Scoup	7,00	3,00	9,00	4,00	1,00	1,00	4,00	7,00	7,00	10,00	0,00	3,00	1,00	3,00	9,00	7,00	7,00	1,00	5,00	4,00	1,00	2,00	7,00	5,00	4,00
1726	juge17	rang 2	St Mamet	1,00	9,00	10,00	1,00	4,00	0,00	1,00	8,00	9,00	8,00	0,00	4,00	9,00	6,00	5,00	7,00	3,00	8,00	7,00	5,00	1,00	2,00	4,00	1,00	0,00
1735	juge17	rang 3	Délisse	5,00	6,00	9,00	5,00	1,00	6,00	1,00	7,00	7,00	7,00	0,00	1,00	9,00	7,00	9,00	2,00	9,00	4,00	2,00	9,00	3,00	1,00	6,00	7,00	6,00
1743	juge17	rang 4	Andros	3,00	8,00	3,00	2,00	2,00	1,00	2,00	4,00	9,00	8,00	0,00	1,00	2,00	5,00	10,00	0,00	9,00	2,00	1,00	5,00	2,00	3,00	7,00	8,00	1,00
1754	juge17	rang 5	Carrefour	1,00	6,00	5,00	0,00	2,00	7,00	0,00	1,00	6,00	7,00	1,00	0,00	8,00	9,00	8,00	0,00	7,00	9,00	0,00	8,00	3,00	1,00	8,00	4,00	6,00
1761	juge17	rang 6	Poti	4,00	9,00	7,00	4,00	3,00	6,00	0,00	2,00	7,00	8,00	0,00	2,00	10,00	1,00	9,00	7,00	2,00	8,00	7,00	5,00	2,00	0,00	1,00	0,00	0,00
1815	juge18	rang 1	Délisse	8,00	2,00	9,00	2,00	0,00	1,00	0,00	0,00	5,00	1,00	2,00	0,00	9,00	7,00	1,00	1,00	8,00	5,00	1,00	7,00	0,00	4,00	3,00	5,00	9,00
1822	juge18	rang 2	Scoup	10,00	1,00	6,00	3,00	0,00	2,00	0,00	0,00	3,00	3,00	9,00	2,00	1,00	3,00	2,00	3,00	7,00	6,00	5,00	7,00	1,00	7,00	2,00	0,00	1,00
1834	juge18	rang 3	Carrefour	1,00	9,00	7,00	4,00	0,00	1,00	5,00	3,00	8,00	0,00	2,00	0,00	2,00	2,00	2,00	3,00	7,00	6,00	2,00	9,00	0,00	4,00	3,00	1,00	3,00
1846	juge18	rang 4	St Mamet	2,00	8,00	10,00	3,00	0,00	2,00	1,00	0,00	8,00	1,00	0,00	0,00	10,00	10,00	1,00	9,00	4,00	3,00	6,00	10,00	0,00	2,00	10,00	5,00	3,00
1851	juge18	rang 5	Poti	5,00	2,00	2,00	0,00	0,00	5,00	0,00	0,00	1,00	1,00	3,00	1,00	8,00	1,00	6,00	1,00	10,00	5,00	1,00	9,00	0,00	1,00	0,00	0,00	2,00
1863	juge18	rang 6	Andros	1,00	10,00	4,00	6,00	2,00	3,00	2,00	0,00	7,00	2,00	3,00	1,00	4,00	3,00	4,00	3,00	8,00	7,00	5,00	9,00	1,00	1,00	3,00	3,00	7,00
2014	juge20	rang 1	Carrefour	6,00	1,00	8,00	1,00	1,00	6,00	6,00	2,00	1,00	3,00	0,00	1,00	5,00	5,00	6,00	6,00	4,00	4,00	3,00	4,00	7,00	6,00	5,00	4,00	8,00
2025	juge20	rang 2	Délisse	2,00	7,00	3,00	6,00	3,00	4,00	2,00	4,00	6,00	2,00	1,00	2,00	6,00	5,00	5,00	4,00	4,00	5,00	6,00	5,00	5,00	6,00	6,00	3,00	7,00
2032	juge20	rang 3	Scoup	4,00	5,00	4,00	3,00	5,00	4,00	2,00	1,00	7,00	3,00	2,00	3,00	3,00	3,00	6,00	4,00	4,00	5,00	5,00	5,00	4,00	6,00	4,00	3,00	3,00
2041	juge20	rang 4	Poti	3,00	5,00	3,00	2,00	2,00	4,00	2,00	1,00	3,00	2,00	4,00	1,00	5,00	2,00	7,00	6,00	8,00	5,00	4,00	6,00	1,00	2,00	0,00	2,00	5,00
2056	juge20	rang 5	St Mamet	6,00	4,00	7,00	5,00	2,00	5,00	4,00	5,00	3,00	2,00	1,00	2,00	4,00	3,00	6,00	3,00	5,00	5,00	7,00	7,00	6,00	5,00	5,00	2,00	2,00
2063	juge20	rang 6	Andros	5,00	6,00	6,00	6,00	5,00	5,00	5,00	3,00	6,00	2,00	3,00	4,00	2,00	4,00	6,00	4,00	6,00	5,00	3,00	6,00	6,00	7,00	4,00	4,00	7,00
2212	juge22	rang 1	Scoup	5,00	1,00	6,00	1,00	0,00	7,00	5,00	1,00	2,00	1,00	0,00	0,00	2,00	6,00	4,00	1,00	8,00	3,00	1,00	8,00	1,00	7,00	0,00	4,00	2,00
2224	juge22	rang 2	Carrefour	2,00	7,00	8,00	0,00	3,00	1,00	0,00	3,00	6,00	5,00	7,00	1,00	8,00	7,00	8,00	8,00	9,00	1,00	4,00	5,00	7,00	4,00	9,00	1,00	0,00
2236	juge22	rang 3	St Mamet	0,00	2,00	9,00	1,00	3,00	3,00	1,00	0,00	5,00	4,00	1,00	2,00	2,00	3,00	5,00	3,00	6,00	5,00	6,00	3,00	0,00	2,00	4,00	3,00	3,00
2245	juge22	rang 4	Délisse	4,00	8,00	5,00	2,00	1,00	4,00	1,00	1,00	6,00	5,00	2,00	0,00	9,00	7,00	8,00	7,00	8,00	2,00	6,00	4,00	8,00	2,00	7,00	1,00	2,00
2253	juge22	rang 5	Andros	4,00	7,00	7,00	1,00	3,00	6,00	1,00	0,00	8,00	4,00	3,00	2,00	2,00	4,00	8,00	7,00	7,00	6,00	3,00	8,00	3,00	9,00	6,00	1,00	0,00
2261	juge22	rang 6	Poti	1,00	0,00	5,00	0,00	0,00	4,00	1,00	0,00	7,00	3,00	6,00	0,00	2,00	1,00	6,00	4,00	7,00	5,00	3,00	6,00	0,00	1,00	0,00	0,00	1,00
2311	juge23	rang 1	Poti	1,00	8,00	8,00	3,00	1,00	0,00	0,00	6,00	4,00	5,00	0,00	0,00	3,00	1,00	2,00	3,00	6,00	1,00	1,00	3,00	1,00	2,00	1,00	4,00	6,00
2323	juge23	rang 2	Andros	3,00	5,00	2,00	5,00	1,00	3,00	6,00	0,00	2,00	0,00	0,00	1,00	1,00	2,00	2,00	3,00	7,00	1,00	2,00	3,00	3,00	5,00	3,00	7,00	7,00
2335	juge23	rang 3	Délisse	3,00	6,00	3,00	6,00	2,00	2,00	4,00	2,00	3,00	1,00	1,00	1,00	4,00	7,00	5,00	4,00	6,00	2,00	3,00	5,00	1,00	2,00	6,00	7,00	7,00
2346	juge23	rang 4	St Mamet	5,00	4,00	4,00	6,00	1,00	4,00	2,00	1,00	3,00	1,00	0,00	2,00	4,00	6,00	4,00	6,00	4,00	2,00	6,00	4,00	1,00	6,00	3,00	5,00	8,00
2354	juge23	rang 5	Carrefour	2,00	7,00	7,00	1,00	1,00	2,00	1,00	6,00	5,00	3,00	0,00	2,00	2,00	3,00	3,00	3,00	8,00	2,00	1,00	4,00	1,00	4,00	3,00	3,00	6,00
2362	juge23	rang 6	Scoup	4,00	3,00	2,00	3,00	4,00	3,00	1,00	2,00	7,00	2,00	5,00	1,00	0,00	2,00	2,00	4,00	3,00	4,00	3,00	4,00	1,00	7,00	1,00	4,00	5,00
2416	juge24	rang 1	St Mamet	2,00	8,00	8,00	3,00	1,00	1,00	1,00	1,00	8,00	4,00	6,00	0,00	2,00	4,00	8,00	1,00	2,00	7,00	7,00	5,00	1,00	8,00	3,00	3,00	8,00
2422	juge24	rang 2	Scoup	8,00	1,00	10,00	4,00	0,00	8,00	8,00	3,00	0,00	3,00	2,00	0,00	2,00	5,00	9,00	3,00	4,00	7,00	1,00	3,00	0,00	7,00	1,00	6,00	7,00
2433	juge24	rang 3	Andros	3,00	4,00	8,00	6,00	1,00	3,00	0,00	0,00	6,00	0,00	10,00	3,00	3,00	5,00	6,00	2,00	4,00	9,00	4,00	7,00	1,00	8,00	1,00	0,00	3,00
2444	juge24	rang 4	Carrefour	2,00	8,00	6,00	5,00	5,00	1,00	4,00	8,00	3,00	7,00	2,00	0,00	8,00	9,00	9,00	1,00	6,00	8,00	1,00	3,00	3,00	3,00	8,00	4,00	3,00
2451	juge24	rang 5	Poti	8,00	2,00	6,00	0,00	0,00	2,00	2,00	2,00	6,00	1,00	6,00	9,00	10,00	0,00	7,00	3,00	2,00	9,00	5,00	5,00	0,00	2,00	8,00	0,00	0,00
2465	juge24	rang 6	Délisse	4,00	6,00	9,00	6,00	4,00	7,00	5,00	4,00	7,00	4,00	2,00	1,00	9,00	9,00	9,00	7,00	1,00	7,00	6,00	2,00	2,00	3,00	10,00	5,00	6,00
2615	juge26	rang 1	Délisse	7,00	3,00	7,00	3,00	4,00	6,00	2,00	0,00	7,00	5,00	2,00	6,00	5,00	2,00	7,00	4,00	6,00	8,00	3,00	8,00	1,00	7,00	2,00	5,00	7,00
2623	juge26	rang 2	Andros	3,00	7,00	3,00	7,00	6,00	7,00	7,00	7,00	3,00	3,00	3,00	7,00	3,00	3,00	7,00	2,00	2,00	6,00	7,00	5,00	5,00	9,00	2,00	2,00	3,00
2634	juge26	rang 3	Carrefour	9,00	1,00	1,00	9,00	7,00	9,00	8,00	10,00	2,00	2,00	2,00	6,00	3,00	7,00	7,00	6,00	8,00	8,00	2,00	7,00	10,00	10,00	7,00	7,00	3,00
2641	juge26	rang 4	Poti	10,00	0,00	8,00	3,00	5,00	8,00	8,00	3,00	3,00	3,00	3,00	10,00	3,00	4,00	10,00	2,00	9,00	9,00	3,00	7,00	3,00	0,00	2,00	1,00	1,00
2652	juge26	rang 5	Scoup	10,00	0,00	3,00	10,00	9,00	9,00	9,00	9,00	3,00	3,00	3,00	3,00	7,00	7,00	5,00	2,00	6,00	3,00	9,00	7,00	6,00	10,00	1,00	0,00	2,00
2666	juge26	rang 6	St Mamet	6,00	4,00	8,00	6,00	6,00	8,00	8,00	2,00	7,00	2,00	2,00	5,00	5,00	6,00	7,00	5,00	2,00	6,00	9,00	4,00	2,00	9,00	6,00	4,00	5,00
2711	juge27	rang 1	Poti	4,00	6,00	5,00	1,00	1,00	1,00	2,00	6,00	7,00	1,00	1,00	2,00	7,00	8,00	1,00	2,00	7,00	5,00	3,00	3,00	1,00	1,00	3,00	7,00	8,00
2726	juge27	rang 2	St Mamet	7,00	4,00	3,00	8,00	1,00	6,00	5,00	4,00	2,00	1,00	1,00	2,00	6,00	6,00	2,00	2,00	3,00	7,00	6,00	2,00	5,00	2,00	6,00	5,00	4,00
2733	juge27	rang 3	Andros	3,00	6,00	7,00	2,00	4,00	4,00	5,00	7,00	3,00	1,00	1,00	4,00	6,00	4,00	4,00	3,00	6,00	5,00	3,00	6,00	4,00	2,00	5,00	6,00	4,00
2742	juge27	rang 4	Scoup	7,00	3,00	7,00	2,00	5,00	5,00	6,00	8,00	3,00	1,00	1,00	2,00	7,00	7,00	2,00	7,00	4,00	8,00	3,00	2,00	4,00	4,00	6,00	3,00	7,00
2755	juge27	rang 5	Délisse	3,00	8,00	6,00	7,00	1,00	3,00	6,00	4,00	5,00	1,00	1,00	2,00	7,00	7,00	2,00	4,00	2,00	8,00	5,00	2,00	3,00	3,00	6,00	7,00	8,00
2764	juge27	rang 6	Carrefour	4,00	7,00	7,00	5,00	2,00	2,00	3,00	5,00	8,00	3,00	1,00	2,00	7,00	7,00	2,00	3,00	7,00	6,00	2,00	3,00	2,00	2,00	7,00	7,00	7,00
2812	juge28	rang 1	Scoup	3,00	8,00	4,00	5,00	3,00	4,00	3,00	3,00	8,00	6,00	4,00	3,00	4,00	4,00	6,00	3,00	5,00	5,00	5,00	7,00	2,00	2,00	2,00	3,00	7,00
2824	juge28	rang 2	Carrefour	4,00	3,00	7,00	3,00	3,00	6,00	3,00	3,00	6,00	4,00	2,00	2,00	7,00	7,00	5,00	5,00	7,00	7,00	5,00	8,00	6,00	6,00	3,00	3,00	6,00
2836	juge28	rang 3	St Mamet	4,00	8,00	5,00	10,00	5,00	3,00	9,00	4,00	3,00	5,00	0,00	7,00	3,00	3,00	5,00	8,00	5,00	7,00	8,00	2,00	2,00	5,00	2,00	2,00	0,00
2845	juge28	rang 4	Délisse	4,00	7,00	3,00	0,00	7,00	3,00	1,00	1,00	8,00	4,00	1,00	4,00	4,00	4,00	4,00	5,00	7,00	7,00	7,00	5,00	2,00	6,00	8,00	3,00	7,00
2851	juge28	rang 5	Poti	4,00	8,00	3,00	0,00	6,00	0,00	0,00	0,00	4,00	3,00	0,00	0,00	0,00	0,00	3,00	2,00	5,00	5,00	5,00	3,00	0,00	2,00	0,00	0,00	0,00
2863	juge28	rang 6	Andros	5,00	5,00	6,00	4,00	5,00	7,00	2,00	2,00	8,00	5,00	2,00	3,00	5,00	5,00	4,00	4,00	7,00	6,00	6,00	7,00	2,00	5,00	9,00	3,00	5,00
2916	juge29	rang 1	St Mamet	2,00	8,00	8,00	6,00	3,00	3,00	3,00	4,00	8,00	5,00	2,00	1,00	6,00	8,00	5,00	3,00	3,00	7,00	7,00	2,00	2,00	6,00	5,00	8,00	8,00
2922	juge29	rang 2	Scoup	8,00	6,00	6,00	8,00	7,00	7,00	8,00	5,00	7,00	5,00	9,00	7,00	1,00	4,00	6,00	4,00	8,00	7,00	5,00	2,00	2,00	8,00	2,00	6,00	8,00
2931	juge29	rang 3	Poti	1,00	1,00	4,00	5,00	5,00	5,00	6,00	5,00	7,00	7,00	6,00	8,00	9,00	9,00	9,00	1,00	7,00	7,00	5,00	3,00	5,00	0,00	1,00	2,00	1,00
2944	juge29	rang 4	Carrefour	5,00	7,00	6,00	7,00	7,00	7,00	3,00	4,00	7,00	4,00	6,00	2,00	7,00	7,00	7,00	1,00	1,00	5,00	3,00	2,00	3,00	3,00	6,00	6,00	5,00
2953	juge29	rang 5	Andros	1,00	5,00	3,00	5,00	4,00	4,00	4,00	3,00	6,00	6,00	8,00	3,00	8,00	8,00	7,00	4,00	2,00	4,00	3,00	3,00	3,00	2,00	2,00	4,00	5,00
2965	juge29	rang 6	Délisse	2,00	2,00	6,00	6,00	5,00	8,00	3,00	2,00	7,00	7,00	4,00	3,00	8,00	8,00	7,00	7,00	2,00	6,00	7,00	6,00	3,00	3,00	6,00	7,00	8,00
3014	juge30	rang 1	Carrefour	5,00	7,00	9,00	2,00	1,00	6,00	3,00	1,00	9,00	2,00	0,00	0,00	1,00	8,00	3,00	3,00	6,00	8,00	1,00	6,00	6,00	6,00	4,00	7,00	8,00
3025	juge30	rang 2	Délisse	6,00	7,00	7,00	3,00	0,00	6,00	3,00	1,00	7,00	3,00	0,00	0,00	7,00	3,00	7,00	4,00	5,00	9,00	4,00	8,00	2,00	2,00	6,00	5,00	7,00
3032	juge30	rang 3	Scoup	3,00	3,00	8,00	3,00	1,00	8,00	4,00	1,00	4,00	0,00	0,00	3,00	1,00	5,00	7,00	4,00	5,00	9,00	5,00	5,00	6,00	7,00	5,00	3,00	8,00
3043	juge30	rang 4	Andros	3,00	3,00	6,00	2,00	1,00	6,00	3,00	1,00	8,00	1,00	0,00	3,00	3,00	4,00	9,00	5,00	7,00	9,00	3,00	4,00	1,00	6,00	4,00	5,00	7,00
3056	juge30	rang 5	St Mamet	2,00	2,00	8,00	1,00	1,00	6,00	5,00	2,00	7,00	0,00	0,00	3,00	6,00	5,00	5,00	6,00	3,00	8,00	6,00	5,00	2,00	6,00	6,00	4,00	4,00
3061	juge30	rang 6	Poti	4,00	1,00	6,00	1,00	1,00	6,00	6,00	2,00	5,00	2,00	0,00	5,00	10,00	2,00	7,00	3,00	8,00	9,00	3,00	4,00	2,00	2,00	1,00	2,00	1,00
3113	juge31	rang 1	Andros	2,00	8,00	6,00	5,00	1,00	7,00	1,00	6,00	4,00	2,00	0,00	4,00	9,00	9,00	0,00	6,00	7,00	2,00	1,00	7,00	5,00	0,00	8,00	4,00	5,00
3125	juge31	rang 2	Délisse	8,00	5,00	7,00	8,00	0,00	7,00	8,00	2,00	2,00	1,00	0,00	8,00	8,00	9,00	0,00	6,00	4,00	3,00	2,00	7,00	3,00	0,00	8,00	9,00	9,00
3131	juge31	rang 3	Poti	8,00	6,00	6,00	1,00	5,00	8,00	8,00	3,00	0,00	1,00	4,00	2,00	2,00	1,00	7,00	7,00	8,00	3,00	2,00	7,00	0,00	0,00	1,00	1,00	4,00
3144	juge31	rang 4	Carrefour	4,00	4,00	9,00	0,00	0,00	5,00	7,00	10,00	0,00	1,00	0,00	3,00	8,00	8,00	2,00	8,00	5,00	1,00	2,00	9,00	3,00	0,00	5,00	1,00	3,00
3152	juge31	rang 5	Scoup	6,00	8,00	5,00	3,00	6,00	7,00	8,00	4,00	3,00	1,00	9,00	1,00	8,00	8,00	0,00	3,00	1,00	3,00	8,00	4,00	1,00	8,00	5,00	0,00	1,00
3166	juge31	rang 6	St Mamet	2,00	6,00	8,00	0,00	0,00	7,00	6,00	8,00	4,00	1,00	0,00	6,00	7,00	8,00	2,00	5,00	5,00	2,00	6,00	7,00	5,00	0,00	8,00	8,00	7,00
3616	juge36	rang 1	St Mamet	2,00	7,00	8,00	4,00	1,00	6,00	5,00	5,00	8,00	6,00	1,00	2,00	2,00	5,00	7,00	3,00	2,00	6,00	6,00	7,00	5,00	9,00	2,00	3,00	3,00
3622	juge36	rang 2	Scoup	8,00	3,00	5,00	6,00	4,00	8,00	9,00	10,00	3,00	4,00	2,00	2,00	3,00	5,00	8,00	1,00	7,00	5,00	2,00	3,00	7,00	7,00	2,00	1,00	4,00
3634	juge36	rang 3	Carrefour	2,00	4,00	8,00	3,00	4,00	7,00	5,00	1,00	8,00	8,00	4,00	7,00	7,00	7,00	8,00	0,00	9,00	8,00	1,00	7,00	1,00	5,00	1,00	2,00	3,00
3641	juge36	rang 4	Poti	4,00	8,00	8,00	2,00	3,00	2,00	1,00	1,00	3,00	3,00	4,00	5,00	6,00	1,00	10,00	3,00	9,00	8,00	3,00	7,00	0,00	1,00	0,00	0,00	5,00
3655	juge36	rang 5	Délisse	5,00	5,00	9,00	7,00	2,00	7,00	5,00	1,00	7,00	8,00	1,00	9,00	9,00	8,00	5,00	4,00	6,00	4,00	4,00	9,00	7,00	2,00	6,00	1,00	4,00
3663	juge36	rang 6	Andros	7,00	2,00	4,00	1,00	1,00	4,00	7,00	2,00	6,00	7,00	3,00	8,00	9,00	6,00	9,00	5,00	4,00	7,00	6,00	7,00	8,00	8,00	1,00	1,00	6,00
3912	juge39	rang 1	Scoup	3,00	7,00	8,00	2,00	2,00	3,00	1,00	1,00	5,00	3,00	0,00	0,00	2,00	5,00	1,00	3,00	4,00	6,00	3,00	6,00	3,00	4,00	6,00	7,00	6,00
3921	juge39	rang 2	Poti	2,00	4,00	6,00	2,00	2,00	2,00	2,00	0,00	4,00	1,00	1,00	8,00	5,00	2,00	6,00	2,00	6,00	4,00	1,00	7,00	1,00	4,00	1,00	2,00	0,00
3936	juge39	rang 3	St Mamet	5,00	7,00	10,00	3,00	1,00	6,00	5,00	1,00	2,00	2,00	1,00	1,00	6,00	6,00	1,00	7,00	2,00	4,00	8,00	7,00	5,00	2,00	5,00	3,00	4,00
3944	juge39	rang 4	Carrefour	5,00	3,00	8,00	2,00	2,00	5,00	5,00	0,00	4,00	0,00	0,00	1,00	4,00	6,00	2,00	1,00	8,00	3,00	1,00	3,00	2,00	4,00	6,00	5,00	6,00
3953	juge39	rang 5	Andros	2,00	7,00	6,00	2,00	1,00	2,00	2,00	2,00	6,00	2,00	1,00	3,00	2,00	2,00	6,00	4,00	8,00	3,00	1,00	6,00	2,00	6,00	2,00	3,00	3,00
3965	juge39	rang 6	Délisse	2,00	7,00	8,00	2,00	1,00	2,00	2,00	0,00	6,00	1,00	0,00	1,00	7,00	7,00	2,00	5,00	2,00	6,00	1,00	7,00	3,00	1,00	7,00	6,00	8,00
4115	juge41	rang 1	Délisse	2,00	8,00	6,00	1,00	0,00	7,00	1,00	0,00	2,00	0,00	1,00	1,00	3,00	7,00	2,00	3,00	5,00	6,00	1,00	6,00	1,00	6,00	1,00	8,00	7,00
4123	juge41	rang 2	Andros	0,00	7,00	7,00	1,00	0,00	1,00	1,00	0,00	6,00	0,00	2,00	1,00	7,00	6,00	4,00	4,00	6,00	1,00	2,00	7,00	1,00	7,00	1,00	4,00	3,00
4134	juge41	rang 3	Carrefour	3,00	5,00	8,00	2,00	0,00	5,00	3,00	8,00	3,00	1,00	2,00	1,00	8,00	6,00	2,00	3,00	7,00	2,00	1,00	8,00	2,00	8,00	3,00	5,00	7,00
4146	juge41	rang 4	St Mamet	1,00	5,00	8,00	2,00	0,00	3,00	3,00	1,00	4,00	0,00	1,00	0,00	3,00	7,00	3,00	7,00	2,00	6,00	7,00	6,00	1,00	7,00	4,00	4,00	8,00
4151	juge41	rang 5	Poti	2,00	6,00	4,00	0,00	0,00	4,00	0,00	0,00	2,00	0,00	0,00	0,00	10,00	3,00	3,00	5,00	8,00	7,00	1,00	4,00	1,00	2,00	1,00	10,00	10,00
4162	juge41	rang 6	Scoup	0,00	9,00	5,00	1,00	2,00	8,00	0,00	0,00	1,00	3,00	10,00	1,00	7,00	3,00	6,00	4,00	4,00	5,00	2,00	5,00	3,00	6,00	6,00	2,00	0,00
4214	juge42	rang 1	Carrefour	2,00	9,00	8,00	3,00	0,00	3,00	3,00	7,00	7,00	6,00	0,00	0,00	3,00	5,00	7,00	2,00	6,00	4,00	4,00	6,00	6,00	7,00	2,00	5,00	7,00
4225	juge42	rang 2	Délisse	0,00	3,00	7,00	3,00	3,00	3,00	4,00	5,00	6,00	6,00	0,00	0,00	3,00	4,00	4,00	6,00	5,00	4,00	6,00	5,00	2,00	5,00	5,00	5,00	5,00
4231	juge42	rang 3	Poti	3,00	4,00	4,00	1,00	3,00	2,00	2,00	1,00	4,00	4,00	2,00	0,00	7,00	1,00	7,00	3,00	5,00	6,00	4,00	3,00	2,00	2,00	1,00	7,00	6,00
4243	juge42	rang 4	Andros	4,00	5,00	5,00	4,00	2,00	2,00	2,00	4,00	4,00	3,00	2,00	0,00	2,00	4,00	4,00	3,00	4,00	5,00	6,00	4,00	3,00	5,00	4,00	5,00	2,00
4252	juge42	rang 5	Scoup	5,00	3,00	7,00	4,00	1,00	3,00	6,00	8,00	4,00	5,00	4,00	1,00	5,00	6,00	4,00	6,00	4,00	6,00	6,00	5,00	5,00	6,00	6,00	3,00	0,00
4266	juge42	rang 6	St Mamet	0,00	2,00	7,00	4,00	1,00	2,00	3,00	4,00	4,00	3,00	1,00	0,00	2,00	6,00	2,00	3,00	4,00	6,00	7,00	4,00	6,00	6,00	7,00	3,00	3,00
4413	juge44	rang 1	Andros	2,00	8,00	6,00	1,00	4,00	2,00	1,00	3,00	8,00	2,00	1,00	3,00	6,00	3,00	2,00	2,00	8,00	5,00	1,00	7,00	2,00	5,00	1,00	6,00	7,00
4422	juge44	rang 2	Scoup	8,00	4,00	7,00	1,00	1,00	4,00	2,00	8,00	9,00	8,00	2,00	3,00	2,00	4,00	6,00	3,00	7,00	1,00	5,00	8,00	1,00	2,00	2,00	6,00	2,00
4435	juge44	rang 3	Délisse	2,00	7,00	6,00	1,00	4,00	2,00	4,00	9,00	7,00	2,00	1,00	4,00	5,00	4,00	8,00	3,00	7,00	4,00	3,00	8,00	1,00	2,00	5,00	3,00	4,00
4446	juge44	rang 4	St Mamet	4,00	2,00	3,00	6,00	1,00	6,00	4,00	1,00	2,00	6,00	2,00	1,00	5,00	6,00	7,00	7,00	8,00	1,00	4,00	7,00	5,00	6,00	6,00	7,00	5,00
4451	juge44	rang 5	Poti	3,00	7,00	2,00	2,00	2,00	2,00	2,00	4,00	5,00	0,00	0,00	3,00	2,00	3,00	8,00	1,00	8,00	1,00	0,00	2,00	2,00	2,00	0,00	2,00	3,00
4464	juge44	rang 6	Carrefour	6,00	4,00	7,00	3,00	1,00	4,00	1,00	10,00	2,00	1,00	1,00	6,00	7,00	8,00	2,00	2,00	7,00	6,00	2,00	7,00	5,00	5,00	4,00	2,00	4,00
4614	juge46	rang 1	Carrefour	1,00	9,00	9,00	7,00	0,00	5,00	8,00	8,00	8,00	7,00	1,00	0,00	4,00	6,00	8,00	2,00	8,00	8,00	2,00	6,00	0,00	8,00	6,00	4,00	7,00
4621	juge46	rang 2	Poti	3,00	2,00	5,00	2,00	1,00	0,00	0,00	0,00	5,00	3,00	5,00	0,00	9,00	3,00	10,00	6,00	4,00	8,00	5,00	3,00	0,00	3,00	1,00	6,00	5,00
4636	juge46	rang 3	St Mamet	7,00	5,00	5,00	8,00	0,00	3,00	3,00	5,00	4,00	0,00	0,00	6,00	4,00	7,00	5,00	8,00	3,00	5,00	9,00	5,00	0,00	6,00	7,00	0,00	4,00
4645	juge46	rang 4	Délisse	7,00	4,00	7,00	5,00	0,00	4,00	5,00	7,00	3,00	3,00	1,00	0,00	6,00	9,00	6,00	2,00	7,00	6,00	3,00	7,00	0,00	5,00	7,00	4,00	3,00
4652	juge46	rang 5	Scoup	2,00	5,00	5,00	1,00	1,00	4,00	3,00	3,00	6,00	0,00	9,00	0,00	4,00	7,00	6,00	4,00	8,00	3,00	8,00	3,00	0,00	6,00	8,00	0,00	0,00
4663	juge46	rang 6	Andros	7,00	6,00	6,00	5,00	0,00	3,00	4,00	4,00	7,00	2,00	5,00	9,00	6,00	2,00	4,00	4,00	2,00	6,00	5,00	3,00	1,00	4,00	0,00	4,00	6,00
4711	juge47	rang 1	Poti	2,00	4,00	7,00	1,00	1,00	5,00	1,00	1,00	5,00	1,00	0,00	1,00	8,00	2,00	8,00	4,00	2,00	4,00	1,00	7,00	0,00	0,00	1,00	8,00	8,00
4725	juge47	rang 2	Délisse	1,00	2,00	7,00	3,00	1,00	7,00	4,00	1,00	3,00	1,00	0,00	3,00	7,00	2,00	8,00	8,00	2,00	8,00	6,00	2,00	1,00	2,00	1,00	3,00	6,00
4734	juge47	rang 3	Carrefour	1,00	1,00	6,00	4,00	2,00	1,00	2,00	7,00	5,00	1,00	7,00	7,00	3,00	2,00	6,00	2,00	7,00	5,00	1,00	6,00	1,00	4,00	2,00	1,00	1,00
4743	juge47	rang 4	Andros	5,00	2,00	4,00	9,00	1,00	1,00	2,00	0,00	7,00	0,00	0,00	7,00	1,00	6,00	2,00	4,00	6,00	6,00	2,00	5,00	1,00	6,00	1,00	1,00	3,00
4756	juge47	rang 5	St Mamet	2,00	1,00	9,00	9,00	4,00	5,00	4,00	0,00	2,00	0,00	0,00	2,00	4,00	5,00	2,00	7,00	2,00	6,00	8,00	2,00	1,00	4,00	4,00	4,00	7,00
4762	juge47	rang 6	Scoup	1,00	5,00	3,00	8,00	4,00	3,00	1,00	3,00	7,00	2,00	9,00	4,00	1,00	5,00	2,00	3,00	4,00	2,00	7,00	6,00	2,00	5,00	1,00	0,00	0,00
